2
2
3
3
24
9
12
6
30
2
7
21
6
1
6
17
11
1
11
7
5
8
6
5
6
3
6
5
7
4
3
4
2
3
6
1
11
7
3
2
1
1
2
0
0
5
13
9
5
2
4
3
13
17
8
4
3
2
2
5
4
5
3
4
2
4
2
7
1
12
15
18
2
23
2
2
2
2
3
3
4
1
1
3
3
1
1
7
14
2
7
1
4
3
5
5
2
6
4
4
2
8
13
13
3
1
8
14
13
9
15
5
6
3
2
5
5
8
9
4
1
4
9
9
4
5
4
4
6
4
3
3
3
3
3
4
10
3
4
4
6
7
2
3
6
14
8
16
2
6
13
10
4
6
3
9
12
3
7
5
3
9
3
3
5
2
3
5
7
3
2
8
2
2
2
1
3
6
1
3
6
18
2
5
3
3
3
1
5
3
2
3
4
10
3
10
5
1
1
1
2
11
5
3
2
6
6
6
11
14
8
18
18
9
4
5
4
4
6
4
11
6
4
7
2
0
3
6
8
1
1
1
1
1
1
5
4
19
10
5
3
8
13
8
6
9
1
4
3
7
3
3
3
17
3
2
2
4
3
3
2
2
3
6
6
15
15
9
6
5
12
3
4
7
4
1
1
9
1
4
11