1
2
2
0
14
0
0
0
19
0
0
12
4
0
0
0
0
0
0
0
4
5
2
0
1
0
2
2
1
0
0
3
0
0
4
0
8
5
2
0
0
0
1
0
0
3
9
6
4
1
3
3
9
12
5
3
2
0
0
0
0
0
2
3
0
0
2
5
0
9
11
12
2
16
2
2
2
2
0
2
3
1
1
0
0
0
0
5
8
2
4
1
0
0
3
3
0
0
0
3
0
5
9
9
0
0
1
8
8
6
9
3
4
0
1
3
3
5
6
2
1
3
6
0
2
3
3
3
4
2
2
2
2
2
2
3
7
0
2
0
2
2
0
0
0
0
0
10
1
4
8
8
0
4
3
6
8
2
5
4
2
4
0
0
4
1
2
3
2
2
1
6
0
0
0
0
0
4
0
0
4
17
0
3
0
0
2
0
0
1
0
0
0
7
0
7
4
0
1
0
1
7
4
0
0
4
4
5
8
10
6
12
12
7
3
4
3
3
5
3
7
0
0
5
0
0
0
0
6
0
0
0
0
0
0
4
2
12
7
3
0
6
9
7
5
6
0
0
1
5
0
0
2
12
0
0
0
3
1
0
0
0
1
0
4
9
9
0
4
0
5
0
0
4
0
0
0
6
1
0
8